0.943704 0.437630
0.683694 0.439998
0.644758 0.086118
0.361119 0.359946
0.606215 0.746155
0.269545 0.784352
0.377233 0.345363
0.747976 0.139809
0.349036 0.810735
0.471547 0.533952
0.576272 0.768341
0.703169 0.565003
0.669658 0.413031
0.467619 0.509686
0.075115 0.403746
0.611225 0.348600
0.094590 0.591254
0.465533 0.547805
0.347471 0.376063
0.872861 0.267530
0.347182 0.540709
0.632630 0.720762
0.328003 0.411364
0.655195 0.692691
0.632995 0.367046
0.697789 0.109547
0.471985 0.520645
0.416092 0.322250
0.537748 0.313526
0.450000 0.500000
0.422541 0.063553
0.461994 0.309368
0.270223 0.117955
0.697699 0.598071
0.165341 0.706817
0.507455 0.801188
0.102021 0.308697
0.153200 0.221286
0.453787 0.560200
0.124675 0.263638
0.113503 0.633229
0.187269 0.182412
0.563121 0.321750
0.533827 0.060561
0.197171 0.737423
0.589796 0.069752
0.903336 0.320511
0.459737 0.502500
0.392327 0.569714
0.317970 0.093655
0.389720 0.816001
0.512132 0.308779
0.438322 0.314385
0.477774 0.058537
0.073009 0.500000
0.836323 0.219320
0.436814 0.569125
0.308747 0.800178
0.415757 0.572771
0.704333 0.532130
0.794434 0.176555
0.687859 0.630764
0.673661 0.662499
0.330314 0.515120
0.701327 0.500000
0.486733 0.307437
0.080968 0.546620
0.320340 0.483620
0.368669 0.559091
0.137259 0.671931
0.319140 0.448189
0.395635 0.332681
0.232125 0.763366
0.652621 0.388608
0.226451 0.147744
0.085462 0.355669
0.336410 0.393332
0.368998 0.075374
0.587774 0.333460
0.694359 0.469130
0.070995 0.452120
0.543197 0.786832
0.469568 0.811031
0.430116 0.816048
0.927126 0.377495